_vRobCrossAbi 10 10 10 10 2 
_obRingNum 7
vx0 380 380 420 640 720 800 800 860 840 660 580 380
vy0 580 760 840 840 960 960 860 860 800 740 580 580
vx1 1080 1080 1000 1000 1120 1120 1160 1160 1080
vy1 780 840 840 920 920 840 840 780 780
vx2 1720 1720 1640 1640 1940 1940 1720
vy2 0 80 100 200 200 0 0
vx3 2580 2320 2340 2600 2580
vy3 380 460 540 460 380
vx4 1980 2180 2400 2340 2160 2120 1980
vy4 1200 1680 1500 1260 1260 1140 1200
vx5 1280 1280 1900 1880 1280
vy5 1400 1680 1680 1400 1400
vx6 280 480 300 300 540 520 420 460 440 280
vy6 120 320 320 380 380 280 180 160 100 120
